|             Name|  SpT|  Dist|     Mstar|  Flux|ObsWave| Det|    MDust|
|             char| char|double|     float| float| double|long|   double|
|                 |     |      |          |   mJy|       |    |         |
|             null| null|  null|      null|  null|   null|null|     null|
 J15354856-2958551    M4  145.0  0.2630268   1.92   880.0    1   0.40986 
 J15514032-2146103    M4  145.0 0.19952624   0.76   880.0    1   0.16223 
 J15521088-2125372    M4  145.0 0.17782794   0.45   880.0    0   0.09606 
 J15530132-2114135    M4  145.0 0.20892961   5.78   880.0    1   1.23384 
 J15534211-2049282  M3.5  145.0 0.26915348   2.93   880.0    1   0.62546 
 J15562477-2225552    M4  145.0 0.20892961   0.54   880.0    0   0.11527 
 J15570641-2206060    M4  145.0 0.19054607   0.60   880.0    0   0.12808 
 J15572986-2258438    M4  145.0 0.19952624   0.60   880.0    0   0.12808 
 J15582981-2310077    M3  145.0  0.2570396   5.86   880.0    1   1.25092 
 J15583692-2257153    G7  145.0  1.3803843 174.92   880.0    1  37.33963 
 J16001730-2236504    M4  145.0 0.24547088   0.45   880.0    0   0.09606 
 J16001844-2230114  M4.5  145.0 0.18620871   3.89   880.0    1   0.83039 
 J16014086-2258103    M4  145.0 0.23442288   3.45   880.0    1   0.73646 
 J16014157-2111380    M4  145.0 0.18620871   0.66   880.0    1   0.14089 
 J16020757-2257467  M2.5  145.0 0.33884415   5.26   880.0    1   1.12284 
 J16024152-2138245 M4.75  145.0 0.15488166  10.25   880.0    1   2.18804 
 J16030161-2207523 M4.75  145.0 0.15135613   2.81   880.0    1   0.59984 
 J16031329-2112569 M4.75  145.0 0.15848932   0.36   880.0    0   0.07685 
 J16032225-2413111  M3.5  145.0  0.2630268   2.42   880.0    1   0.51659 
 J16035767-2031055    K5  145.0  1.0471286   4.30   880.0    1   0.91791 
 J16035793-1942108    M2  145.0 0.36307806   1.17   880.0    1   0.24976 
 J16041740-1942287  M3.5  145.0 0.25118864   0.89   880.0    1   0.18999 
 J16042165-2130284    K2  145.0        1.0 218.76   880.0    1  46.69802 
 J16052556-2035397    M5  145.0 0.14791085   1.53   880.0    1    0.3266 
 J16052661-1957050  M4.5  145.0 0.18620871   0.45   880.0    0   0.09606 
 J16053215-1933159    M5  145.0 0.14125374   0.60   880.0    0   0.12808 
 J16054540-2023088    M2  145.0 0.36307806   7.64   880.0    1   1.63089 
 J16055863-1949029    M4  145.0 0.20892961   0.45   880.0    0   0.09606 
 J16060061-1957114    M5  145.0 0.15848932   0.39   880.0    0   0.08325 
 J16062196-1928445    M0  145.0 0.56234133   4.08   880.0    1   0.87094 
 J16062277-2011243    M5  145.0 0.14791085   0.59   880.0    1   0.12595 
 J16063539-2516510  M4.5  145.0 0.15848932   1.69   880.0    1   0.36076 
 J16064102-2455489  M4.5  145.0 0.15848932   3.05   880.0    1   0.65107 
 J16064115-2517044 M3.25  145.0 0.25118864   0.45   880.0    0   0.09606 
 J16064385-1908056    K6  145.0  0.8912509   0.84   880.0    1   0.17931 
 J16070014-2033092 M2.75  145.0 0.30902955   0.45   880.0    0   0.09606 
 J16070211-2019387    M5  145.0 0.14454399   0.60   880.0    0   0.12808 
 J16072625-2432079  M3.5  145.0  0.2630268  13.12   880.0    1   2.80069 
 J16072747-2059442 M4.75  145.0 0.18620871   2.13   880.0    1   0.45468 
 J16075796-2040087    M1  145.0  0.4466836  23.49   880.0    1   5.01434 
 J16081566-2222199 M3.25  145.0  0.2818383   0.97   880.0    1   0.20706 
 J16082324-1930009    K9  145.0 0.66069347  43.19   880.0    1   9.21963 
 J16082751-1949047    M5  145.0   0.162181   0.76   880.0    1   0.16223 
 J16083455-2211559  M4.5  145.0  0.1659587   0.36   880.0    0   0.07685 
 J16084894-2400045 M3.75  145.0 0.21877615   0.45   880.0    0   0.09606 
 J16090002-1908368    M5  145.0 0.15135613   1.73   880.0    1    0.3693 
 J16090075-1908526    K9  145.0 0.64565426  47.28   880.0    1  10.09271 
 J16093558-1828232    M3  145.0  0.2818383   0.69   880.0    1   0.14729 
 J16095361-1754474    M3  145.0  0.2570396   0.87   880.0    1   0.18572 
 J16095933-1800090    M4  145.0 0.22908677   0.67   880.0    1   0.14302 
 J16101888-2502325  M4.5  145.0 0.16982438   0.42   880.0    0   0.08966 
 J16102819-1910444    M4  145.0 0.18197007   0.48   880.0    0   0.10246 
 J16102857-1904469    M3  145.0 0.32359365   0.66   880.0    1   0.14089 
 J16104636-1840598  M4.5  145.0   0.162181   1.78   880.0    1   0.37997 
 J16111330-2019029    M3  145.0  0.3019952   4.88   880.0    1   1.04172 
 J16111534-1757214    M1  145.0 0.46773514   0.48   880.0    0   0.10246 
 J16113134-1838259    K5  145.0  1.1220185 903.56   880.0    1 192.88014 
 J16115091-2012098  M3.5  145.0 0.25118864   0.66   880.0    1   0.14089 
 J16122737-2009596  M4.5  145.0  0.1659587   0.53   880.0    1   0.11314 
 J16123916-1859284  M0.5  145.0  0.5128614   6.01   880.0    1   1.28294 
 J16130996-1904269    M4  145.0  0.2137962   0.48   880.0    0   0.10246 
 J16133650-2503473  M3.5  145.0  0.2570396   0.88   880.0    1   0.18785 
 J16135434-2320342  M4.5  145.0 0.19054607   7.53   880.0    1   1.60741 
 J16141107-2305362    K2  145.0  1.6982436   4.77   880.0    1   1.01824 
 J16142029-1906481    M0  145.0 0.56234133  40.69   880.0    1   8.68597 
 J16143367-1900133    M3  145.0 0.31622776   1.24   880.0    1    0.2647 
 J16145928-2459308 M4.25  145.0 0.21877615   0.36   880.0    0   0.07685 
 J16151239-2420091    M4  145.0 0.18197007   0.36   880.0    0   0.07685 
 J16153456-2242421    M0  145.0 0.56234133  11.75   880.0    1   2.50824 
 J16154416-1921171    K5  145.0  0.9772372  23.57   880.0    1   5.03141 
 J16163345-2521505  M0.5  145.0  0.5128614   2.88   880.0    1   0.61478 
 J16181618-2619080  M4.5  145.0 0.17782794   0.36   880.0    0   0.07685 
 J16181904-2028479 M4.75  145.0   0.162181   4.62   880.0    1   0.98622 
 J16270942-2148457  M4.5  145.0   0.162181   2.87   880.0    1   0.61265 
 J16303390-2428062    M4  145.0 0.21877615   0.60   880.0    1   0.12808 
