|             Name| SpT|Dist|  Mstar|  Flux|ObsWave| Det|    MDust|
|             char|char| int|  float| float| double|long|   double|
|                 |    |  pc|solMass|   mJy|       |    |         |
|             null|null|null|   null|  null|   null|null|     null|
 J15445789-3423392 M5.0  150    0.12   0.54   890.0    0   0.12695 
 J15450887-3417333 M5.5  150    0.14  46.27   890.0    1  10.87769 
 J15592523-4235066 M5.0  150    0.12   0.57   890.0    0     0.134 
 J16000060-4221567 M4.5  150    0.19   2.40   890.0    1   0.56422 
 J16000236-4222145 M4.0  150    0.24 119.85   890.0    1  28.17573 
 J16002612-4153553 M5.5  150    0.14   1.20   890.0    1   0.28211 
 J16070384-3911113 M5.5  200    0.10   4.52   890.0    1   1.88909 
 J16073773-3921388 M5.5  200    0.11   1.91   890.0    1   0.79827 
 J16080017-3902595 M5.5  200    0.13   3.01   890.0    1     1.258 
 J16081497-3857145 M5.5  200    0.10   8.32   890.0    1   3.47727 
  J160828.1-391310 M6.5  200    0.10   0.54   890.0    0   0.22569 
 J16083070-3828268 K2.0  200    1.81 135.31   890.0    1  56.55155 
 J16084940-3905393 M4.0  200    0.26   1.70   890.0    1    0.7105 
 J16085324-3914401 M3.0  200    0.32  19.57   890.0    1    8.1791 
 J16085373-3914367 M5.5  200    0.10   3.17   890.0    1   1.32487 
 J16085529-3848481 M6.5  200    0.10   1.81   890.0    1   0.75647 
 J16090141-3925119 M4.0  200    0.24  17.50   890.0    1   7.31396 
 J16092697-3836269 M4.5  200    0.20   3.89   890.0    1   1.62579 
 J16095628-3859518 M6.0  200    0.10   7.44   890.0    1   3.10948 
 J16100133-3906449 M6.5  200    0.14   0.75   890.0    0   0.31346 
 J16101857-3836125 M5.0  200    0.15   0.54   890.0    0   0.22569 
 J16101984-3836065 M5.5  200    0.10   0.57   890.0    0   0.23823 
 J16102955-3922144 M4.5  200    0.22   7.14   890.0    1    2.9841 
 J16115979-3823383 M5.0  200    0.15   0.54   890.0    0   0.22569 
 J16124373-3815031 M1.0  200    0.47  29.88   890.0    1  12.48807 
 J16134410-3736462 M5.0  200    0.16   2.14   890.0    1   0.89439 
            MY Lup K0.0  150    1.02 176.81   890.0    1  41.56655 
            RY Lup K2.0  150    1.47 275.50   890.0    1  64.76775 
            Sz 100 M5.5  200    0.18  54.85   890.0    1  22.92405 
            Sz 103 M4.0  200    0.25  11.54   890.0    1   4.82304 
            Sz 104 M5.0  200    0.18   3.15   890.0    1   1.31651 
            Sz 106 M0.5  200    0.51   1.99   890.0    1    0.8317 
           Sz 108B M5.0  200    0.19  26.77   890.0    1  11.18827 
            Sz 110 M4.0  200    0.26  15.40   890.0    1   6.43629 
            Sz 111 M1.0  200    0.46 179.39   890.0    1  74.97438 
            Sz 112 M5.0  200    0.20   3.89   890.0    1   1.62579 
            Sz 113 M4.5  200    0.19  22.35   890.0    1   9.34097 
            Sz 114 M4.8  200    0.23  96.41   890.0    1  40.29366 
            Sz 115 M4.5  200    0.22   0.54   890.0    0   0.22569 
            Sz 117 M3.5  200    0.29  10.47   890.0    1   4.37584 
            Sz 118 K5.0  200    1.09  63.34   890.0    1  26.47236 
           Sz 123A M1.0  200    0.46  40.64   890.0    1  16.98511 
           Sz 123B M2.0  200    0.34   0.57   890.0    0   0.23823 
            Sz 129 K7.0  150    0.80 181.12   890.0    1   42.5798 
            Sz 130 M2.0  150    0.37   6.19   890.0    1   1.45522 
            Sz 131 M3.0  150    0.30   8.57   890.0    1   2.01474 
            Sz 133 K2.0  150    0.63  69.05   890.0    1  16.23308 
             Sz 65 K7.0  150    0.76  64.49   890.0    1  15.16106 
             Sz 66 M3.0  150    0.31  14.78   890.0    1   3.47465 
             Sz 68 K2.0  150    2.13 150.37   890.0    1  35.35073 
             Sz 69 M4.5  150    0.19  16.96   890.0    1   3.98715 
             Sz 71 M1.5  150    0.42 166.04   890.0    1  39.03461 
             Sz 72 M2.0  150    0.38  14.10   890.0    1   3.31479 
             Sz 73 K7.0  150    0.82  30.43   890.0    1   7.15384 
             Sz 74 M3.5  150    0.29  20.94   890.0    1   4.92282 
            Sz 81A M4.5  150    0.23   9.46   890.0    1   2.22397 
             Sz 82   M0  150    0.55 600.00   890.0    1 141.05499 
             Sz 83 K7.0  150    0.75 426.90   890.0    1 100.36062 
             Sz 84 M5.0  150    0.18  32.64   890.0    1   7.67339 
            Sz 88A M0.0  200    0.57   8.94   890.0    1   3.73639 
            Sz 88B M4.5  200    0.20   0.57   890.0    0   0.23823 
             Sz 90 K7.0  200    0.79  21.83   890.0    1   9.12365 
             Sz 95 M3.0  200    0.33   4.08   890.0    1    1.7052 
             Sz 96 M1.0  200    0.46   4.08   890.0    1    1.7052 
             Sz 97 M4.0  200    0.25   4.64   890.0    1   1.93924 
             Sz 98 K7.0  200    0.74 237.29   890.0    1  99.17315 
             Sz 99 M4.0  200    0.22   0.54   890.0    0   0.22569 
         V1192 Sco M4.5  200    0.16   0.91   890.0    1   0.38033 
          V856 Sco A7.0  200    2.84  55.81   890.0    1  23.32527 
